  12.448   13.919
   9.794    4.606
   2.267    0.176
   8.781    2.030
   5.388   11.345
   3.533    7.342
   4.626    1.511
  41.148    6.253
   2.701    0.916
   6.324    6.101
   7.446    7.734
  46.648    8.134
   0.503   27.840
   5.851   12.945
   7.614    6.408
   8.172   17.631
   4.108    6.158
  29.013    4.192
   3.420    6.428
   3.364    1.772
   2.830    0.709
  17.724    1.751
   0.816    2.398
   1.158    6.099
  15.468    4.672
   0.250    5.195
  14.219    2.609
   4.376   11.686
   6.508    7.095
   2.126    2.475
   5.450   14.376
  26.124    0.895
   4.929    4.377
   1.677    0.976
  30.620    5.575
   2.762    2.728
   0.549    5.352
   1.187    5.935
   8.488   21.899
   4.867    1.110
   2.275    2.765
   6.310    2.979
   2.253   25.656
  11.165    1.679
   4.101    4.632
   5.311    0.851
   1.404    0.097
   0.668    1.490
   1.036    3.328
  12.319    7.342
   0.466    0.800
  19.078    8.265
   4.017   15.346
   0.233    2.818
   4.551    0.143
  21.836   13.918
   3.935    1.342
  11.338    1.717
   6.758    0.661
   0.429   12.785
  17.954    0.950
   2.697    4.522
  11.129   28.451
   8.182    2.316
   5.820    2.444
  11.874    4.694
  14.034    3.849
   2.731    1.486
   0.215   18.544
  47.203    1.809
   1.636    5.077
   6.981    0.118
   1.678    0.017
   0.915    1.360
   5.296   17.794
  19.688    2.556
   3.210    2.243
  28.008   10.109
   7.109   37.535
   3.379   10.836
   1.517   12.107
  32.935    0.319
  30.189   19.495
  19.378    5.840
   0.960    6.404
   1.302    8.099
  13.979    9.437
   1.012   11.019
  15.436   15.613
   0.483    0.610
   0.591    0.782
   7.408   17.916
   1.120    0.364
  25.067    6.426
   7.866    6.455
  15.982    9.008
   6.851   31.793
   9.866    3.665
   2.101    7.752
  11.455    1.099
   1.458    8.030
  15.623    2.140
  16.334    2.323
   9.151    0.161
   1.016    1.646
  19.252   12.502
   4.042    6.697
   0.656   20.810
  14.674    8.197
  16.190    4.804
   6.411    4.404
  13.844    1.495
   9.198   30.509
   4.738    4.296
   9.388   25.361
   9.571    2.422
  29.724   11.076
   0.057   11.666
   1.729   36.263
   5.819    1.747
   8.845   15.987
  14.363    1.255
   4.791    3.323
   6.589    3.107
   4.953    4.764
  14.605    8.340
   5.458    6.917
   4.401    7.109
   3.334    2.073
   0.691    5.582
  17.386   13.893
  15.122    4.826
   1.739    7.291
   8.018   19.061
   6.181    2.542
  27.623    9.808
  12.587    4.949
  10.172    2.413
   1.719    2.341
   4.699    5.763
   7.873    7.335
  16.549    0.272
   8.554    3.905
   2.738    0.466
   5.504    2.181
   6.184    0.524
   3.063   13.276
   8.705   19.957
   5.883    2.417
  14.575    1.866
   2.832    7.066
   8.006   12.469
   4.711    4.673
   8.182    3.900
  14.205    4.269
  19.347   22.499
   1.244   39.239
   2.153   14.123
   1.209    3.012
  25.617   17.503
  21.662   10.229
   2.052    0.898
  12.230   15.480
   5.526   12.270
  10.965   10.144
  22.992    6.850
   5.763    5.008
   1.782   12.725
   4.818    6.983
   2.761    2.405
   2.701    0.892
  19.107    0.210
   6.806   11.414
  12.996    7.493
   3.568    0.546
   0.879   38.700
   7.017   10.861
   0.442    6.015
   8.804    6.947
   1.723    7.492
   0.974    4.425
  11.207    0.006
   5.595   11.281
   0.854   18.663
   4.458    8.591
   3.262    0.155
  20.510    4.561
  18.484    0.292
  27.800    2.450
   7.632    0.259
   2.559    1.522
   7.100    8.500
  12.220    0.024
   9.528    4.632
   1.337    9.578
   1.905    7.893
   0.144    4.486
  12.912    2.168
  15.042    3.718
   1.748    4.001
  10.435    4.644
  13.785    2.057
  12.501    1.165
  10.451   30.774
   4.408   15.696
  37.060   21.694
   3.243    1.282
   9.419    3.101
   0.016    3.562
  27.215    5.381
   3.346    8.747
   3.945   15.912
  17.413   11.910
  31.436    1.259
  13.155    0.520
   4.461   17.024
   6.484   22.671
   0.859   14.775
   0.833   35.005
   0.527    9.329
   1.260    6.511
  10.668   14.094
   3.276    4.795
   3.529   30.087
  12.239    5.299
   1.154    4.151
   8.193    5.486
   2.850    2.358
  27.472    6.254
   2.522    4.548
  16.428   28.334
   8.920    1.031
   1.945   10.786
   7.936    5.150
   3.664    5.472
   1.487    0.587
   4.555    4.984
   2.396    7.334
  25.014    3.256
   7.599    1.476
   5.283    3.513
   5.599    4.339
   7.131   13.960
  45.405    9.102
   6.122    8.002
   0.138    6.190
   1.925   22.632
  16.606    0.724
  31.571   14.033
   4.192   10.057
   0.768    1.277
   8.647    1.187
   6.554   13.168
   1.250    5.446
  11.853    0.442
   4.864    0.668
  28.121    1.771
   0.854   27.411
   2.787    3.571
  12.643   16.226
   4.593    0.929
  29.811    2.658
  20.369   10.745
  20.435    2.017
  14.917    9.571
  34.499    4.141
  28.237   14.458
  22.721    1.634
  86.983    1.632
   0.121   17.274
   2.601    2.195
   9.240    1.013
  36.924    2.511
   0.172    7.509
   4.717    5.821
   6.913    8.194
   3.455    8.361
   5.930    6.920
  21.741   18.134
   2.742    2.545
   2.842    2.146
   5.037    4.977
  43.342    7.306
  14.472    4.542
   6.517    0.952
  10.820   16.530
   2.280    6.172
   4.769    7.775
   3.166    6.503
  22.589    2.863
  37.638    1.105
  21.722    2.447
  16.981    8.002
   2.354   11.859
   8.092    3.646
   5.668    9.177
   1.541    3.049
  10.261    1.555
   6.931    4.088
   3.215   26.383
   4.683    7.639
   4.823    2.778
  31.216    0.418
  23.422    7.278
   3.160    0.479
   6.645    3.566
   5.310    1.004
   0.055    5.233
   5.854    6.953
  17.262   59.924
   3.628    0.458
  11.108   11.356
   3.788    2.284
  16.613    4.004
   2.846   17.125
   7.510    5.841
  10.780   12.102
  14.291    3.674
   3.919    6.295
   5.551   16.778
   5.229    2.578
   4.438    5.769
   8.765    2.814
   9.972   20.616
   3.683    5.710
  24.350   10.538
   2.349    1.917
   0.488    2.254
  31.198    9.149
  10.005    1.036
  39.433    1.708
  10.988   10.627
  18.454    0.974
   7.289    5.826
   9.029    2.013
  14.290   20.020
   3.259   11.992
   3.837    9.543
   1.158    8.111
  12.446    9.155
  10.952    4.061
   4.471    6.628
   4.103    5.627
  11.191    1.945
   0.937    3.501
   5.187    9.293
  29.764    1.848
   0.375   17.768
   5.600   15.903
   4.789   20.983
  11.443    0.742
   1.298   11.023
   6.300    4.936
   2.843    1.344
   7.635    8.683
   1.001    1.904
   1.544   19.994
   1.975    4.619
   1.036    1.835
  10.846    4.016
  10.751    4.565
   3.923    1.962
  13.842    5.122
   2.333   12.060
  15.307    0.862
  10.594    5.830
   0.604   16.593
  11.386    2.174
   8.862   23.697
  11.206    2.217
  20.604    9.808
   0.105   20.466
   7.146    8.859
  19.761    5.392
   2.149    4.175
  11.261   11.045
   1.708    4.897
   6.757    0.065
   6.277    3.604
   0.652   14.643
   8.164    8.371
   0.901    1.855
  21.417   22.627
   2.786    3.073
   6.663    7.908
   1.537    3.836
  17.181    9.045
  19.472    0.615
  32.010    6.454
   9.711    6.807
  11.456   35.328
  12.724    5.766
  11.332    0.744
   2.780   11.143
   0.211    6.601
   2.670    5.847
  12.696    3.607
  15.134   15.209
  36.154   12.304
   5.977    6.346
   3.688    0.219
   6.681    7.630
   0.693   13.557
  19.560    0.066
   9.104    7.784
   1.367    6.027
   6.032    4.555
   3.726    6.758
  17.390    0.656
  33.791    1.958
   2.886    0.702
  47.190    0.078
  42.795    2.058
   0.434    0.208
  25.841    7.479
  11.980    5.701
   6.260   13.208
   9.732    1.083
  14.909   10.197
  18.220    2.807
  51.361    1.360
   2.836    5.305
  14.781    9.719
  21.498   20.234
   0.380    5.445
   2.598    0.043
   1.986    4.451
   1.622    5.943
   5.882   35.321
   8.660    4.257
   8.266    2.942
   0.734    4.570
   8.441   24.844
  19.940   12.220
  19.434   14.635
  30.341    2.664
   4.106    8.727
   3.834    3.688
  59.969    1.774
   9.522    0.530
  27.518    5.212
   1.778    7.605
  17.594   12.087
  28.022    1.499
   2.157    0.003
   3.282    6.982
   1.678    2.457
   1.094    8.125
   1.388    2.260
  10.302    1.987
   2.639    5.240
   3.342    2.846
   0.848    1.115
   8.081   22.121
  21.542    5.872
   8.464    6.101
  34.566   20.977
  19.057    3.608
  12.334    0.276
  12.872    2.904
   4.022    0.667
  10.717    0.394
  13.601   14.784
  19.696    1.766
   6.690    0.757
   7.580    5.570
   6.520    1.566
  45.279    4.158
   4.804    1.245
  13.872    1.199
  13.658    1.589
  17.593    5.192
   9.855    9.350
  11.487    4.187
   6.708    1.775
   9.033    1.006
   7.107   13.823
  14.450   22.815
  11.749    1.375
   8.131    5.512
   4.554   12.784
  10.958   28.381
   0.113    8.675
  23.555   16.399
   5.601    4.167
   3.909   19.301
   0.886    7.855
  16.931    3.151
   2.083    3.042
   0.076    4.601
   2.725    6.401
   1.334    8.686
   9.875    1.166
   6.723    9.601
   6.657    4.986
   4.109    1.838
   4.076    3.422
   4.659    0.821
   4.024    0.015
   2.332    4.659
  25.280    5.827
   7.636   14.113
  17.309    1.350
  19.835    8.736
   1.404    5.673
  13.327   11.490
  18.959   11.073
   3.106    1.158
   5.345    0.233
   0.707    5.968
   5.752    3.454
   4.284    3.688
  19.669   20.302
   2.320    0.049
  11.226    4.530
   2.845    5.024
   1.055    3.026
   1.946    2.754
  14.542    0.404
  12.287    1.573
   6.086    1.044
  19.552    1.481
  13.698    2.447
   8.420    5.045
  26.041   10.137
  13.801    0.912
  15.928    0.275
  32.646   12.028
   3.001    2.217
  24.947    0.598
   4.553    3.788
   2.218    5.141
  11.842    3.626
  11.972    3.907
   3.162    0.088
  11.347    1.069
   0.483    1.883
   3.260    1.227
   1.276   13.357
   3.222    2.934
   1.982   20.462
  26.848    1.292
   3.450   10.366
  13.039    1.725
   2.956   20.645
   5.023    6.740
  11.319   27.308
   3.136    4.192
   0.414    1.977
   4.300    2.833
  10.925    6.282
   9.673    2.071
   7.564    2.188
  40.841   53.407
   5.433    6.054
   7.096    7.751
   7.523   18.203
  27.468    0.804
   0.052    3.746
  13.224   15.386
   9.034    0.694
  11.458    8.434
   3.277    6.437
  12.280   10.027
   7.563    6.913
   0.942    3.759
  17.491   13.161
   1.936    8.936
   2.383    8.989
   6.593    3.464
   6.091    2.683
  25.799    2.922
  23.533    3.031
   7.920    1.046
   0.834   22.087
  16.555   27.253
   0.144    4.356
  19.266    1.181
  18.884   12.718
   4.673   15.770
   5.046    8.596
   9.640    1.833
   6.298   15.494
   4.568    6.870
   7.617    0.472
   8.222    0.207
   7.527    6.362
  11.619    0.153
   0.809    5.443
   6.938    0.298
   7.798   19.063
  14.692    6.120
  10.686   12.683
  23.835   19.564
   3.584    3.231
   3.145   14.637
  11.024   12.978
   5.504    0.360
  12.938    1.519
   1.702    1.887
   1.296    0.432
  25.871    4.140
   0.135    8.411
   0.903    6.888
   0.700    5.137
   3.220    4.671
   6.716    1.028
   2.440   13.968
  14.213   17.445
   0.937   24.132
  18.341   14.824
   5.026   10.818
   4.635   16.664
  29.768    7.173
   3.418    9.015
  21.667   10.198
   5.204    0.503
  22.181    1.841
  27.678    4.991
   9.180   11.223
   2.633    0.283
  12.204    2.078
  21.062    6.037
   2.952   11.055
  17.281    8.572
  18.721    1.552
   1.596   13.216
   7.919   13.345
  19.853   14.056
   2.339    3.784
  10.476    5.574
  27.747   10.108
   3.839    6.350
  13.686    2.954
  21.195    8.125
   2.108   39.690
   5.575   19.848
   3.019    2.736
   8.269    5.337
   9.370   13.590
  31.543   15.956
   9.123    5.332
   5.138   17.388
   8.771    3.639
   8.841    5.785
   7.666    2.622
  16.174    1.234
   5.655    0.221
  16.632    7.127
   0.948    4.545
   4.431   17.504
   1.623    7.197
   8.113    1.209
  12.518    1.582
  15.136    6.344
   0.159    3.909
   1.437    6.184
  14.751    4.780
   3.727    1.749
   6.795    8.579
   8.111    4.796
   8.743    0.317
  18.259   16.841
   5.041    5.881
  11.063    7.457
   5.488    0.735
   4.511    0.731
   2.436    2.741
  17.935    7.192
  10.406    1.450
   4.547    1.993
   0.560   19.383
   0.335    3.518
   4.035    3.802
   2.603   14.886
   8.995    3.892
   7.720    9.293
  18.506   17.921
   2.884    2.864
   5.820    8.996
   2.489    1.124
   0.262   31.558
  24.774   16.347
   5.490    5.373
   0.412   11.386
   4.986    2.257
   0.640    5.339
  29.160   14.672
  12.414    0.697
  18.615    4.192
   1.722    0.029
   9.874   12.279
  17.285    0.104
   8.548    7.636
   2.975    2.701
   0.423    3.835
   2.629    9.582
  37.346    6.796
  15.673   29.227
  13.406   27.245
   7.962    1.708
   8.253   12.411
   7.108    5.248
   1.058    6.539
   5.656   13.864
   8.797    9.530
   3.117    1.821
   7.719    7.384
  46.818    2.968
  10.965    6.646
  16.760    0.515
   1.461    2.322
  51.898    3.014
   3.119    0.132
   2.481    1.032
   0.980    2.282
   2.250    6.430
   6.518    0.953
   9.466    1.512
   2.069   12.886
  13.310    3.619
   0.365    5.334
   5.644    2.472
   1.698    5.769
  15.462    0.258
   1.570    5.101
  29.103    9.374
   2.115    0.647
  13.627   14.384
  14.338    2.768
  16.940    1.643
   6.859    1.184
   0.188    0.374
   1.474   30.138
  15.048   10.145
   4.326    8.349
   0.911    2.745
   1.851    8.246
   9.714    9.174
   2.842    3.597
   4.927   13.729
   5.070    8.213
  32.899   13.483
  11.746   11.309
   6.274    5.713
  27.714    3.184
   7.167    2.659
  10.272    9.217
   6.927    4.601
   2.760   12.989
   0.546    4.643
  22.968    4.705
  11.173    2.172
   1.792    0.151
   3.034   17.014
   2.068    2.250
  14.406    2.898
   2.315    7.877
   1.087    4.572
   7.665   11.704
   1.531   18.742
  23.464    4.192
   6.898    7.582
   2.676   10.109
  21.768   29.346
   1.435    0.785
   6.523    0.430
   0.426    2.017
  42.090    1.914
   5.426    3.422
  28.758    5.871
  40.458   20.758
   6.722    3.182
   6.671    6.487
  25.486   13.201
  22.496   17.263
  14.439    6.610
   1.374   14.039
   6.442    0.177
  10.687    8.685
   6.216   19.581
   1.634    1.734
   1.311    9.075
  31.449    0.881
  47.898    2.252
   1.197    3.698
   2.168    6.299
  31.317    4.975
  21.069    0.205
   1.449    5.539
  10.713    2.945
   4.637   21.928
  31.986   22.140
   0.884    8.559
  22.780    5.312
  15.918   11.642
   9.709    1.385
  20.843    2.796
  25.330    1.859
   0.124   17.139
  13.198    5.244
   1.881    3.809
  14.109    6.434
   1.128    4.001
   0.398    0.042
   6.059    3.676
   2.451    0.706
   0.006    4.063
   2.354    1.503
  33.614    0.194
  10.548   10.645
  14.964    4.228
   9.671    5.639
  10.422   11.616
  10.023   22.839
   2.797    2.620
  10.675    4.892
  24.776    1.171
  12.935   10.382
   8.969   10.366
  55.966    7.649
   7.687    1.598
   6.795    0.484
   3.039    7.899
  12.603    0.083
   1.993    5.882
  61.506    1.351
  16.145    9.810
   3.929    7.396
  12.507    1.611
  18.858    2.066
  10.966    5.322
   3.040   31.713
   0.156    0.749
  27.784    7.592
  12.803    2.028
   3.570   12.959
  23.068    2.613
  15.050    5.252
  10.012    2.395
  22.592    9.358
  10.039   18.825
   1.583    2.350
   8.588    1.643
  11.233    0.593
   0.665   12.574
  11.949    0.248
   4.279    1.471
   9.941    9.956
   8.006    4.910
   4.276   15.687
   6.798    3.121
  15.243   16.684
  21.411   11.216
  10.800    3.788
   0.421   14.534
   5.978    1.939
   1.906    1.976
   3.664   11.714
  24.801    7.909
   3.679   14.272
   5.633   15.338
  14.606    1.919
  12.533   12.776
   1.496    7.456
   9.347    0.084
   1.462    1.538
  23.188    3.053
  12.086    0.021
   0.808    1.019
   2.562    2.170
  42.188    7.962
  10.361    4.561
   1.954    9.653
   0.945    0.351
   5.777    2.341
  11.656   18.458
  12.560    6.859
   2.367    5.266
   1.056    0.895
   2.610    3.344
  11.906    1.007
  17.189    1.971
  12.286    4.300
   4.929    1.152
   2.972    4.324
  10.589    5.813
   1.104    5.141
   7.652    4.591
   4.685    4.049
  25.907   27.174
   3.195    6.106
  11.585    2.536
   9.872    5.325
   1.556    2.203
   3.253    3.770
   9.641    2.349
   0.407   14.324
   0.353    2.034
   6.252   16.717
  24.478    3.941
  17.003    8.738
  11.229    0.337
   4.004   20.606
  19.641    2.479
   4.263    4.084
  18.149   14.610
   0.182    1.999
   0.432    3.490
   1.294    4.547
   4.535    2.931
   1.165   26.164
   9.369    5.247
   0.006   11.441
   0.594   10.831
   4.033    2.500
   6.531   16.237
   4.909    1.049
  11.532    0.234
  10.480    0.773
   4.732    8.609
  15.281   16.493
  20.860   24.070
   3.367    0.147
   3.861    6.865
   9.004    4.254
   8.512    0.319
   4.269   16.550
  53.110    0.165
   9.767    3.541
   4.823    0.868
  23.425    0.908
   0.482    0.853
   1.114    1.582
   4.115    1.520
   9.696    2.752
   1.514    0.783
  13.580    5.521
  15.803    2.536
   3.677    4.522
   1.958    2.826
  16.174    3.234
  28.168    0.022
   1.511    5.450
  13.542    0.938
   2.137    8.803
   1.195    1.817
  12.287    1.985
  24.322    8.367
  19.870    7.749
   4.183   12.516
   1.300    4.258
   2.948    6.429
   3.234    0.004
   2.970    0.845
   5.824    7.339
  22.238    7.097
   0.941    0.907
  12.484    1.211
  31.291    6.302
  17.463    8.661
   1.067    1.772
   6.247    3.447
  13.139    6.825
  23.610    7.737
   0.401    9.114
   1.291    1.641
   7.361    4.152
   7.837    0.213
   0.165    2.341
  17.498   10.162
   2.700    4.808
   1.079   11.505
   0.762    3.679
   1.184    6.564
   4.879   10.750
   3.026    4.167
  14.055    2.500
  12.463   11.782
   5.522    2.312
   1.906    1.319
   6.198    9.483
  18.421    4.759
  21.837    0.986
   2.873    7.933
   0.375    2.144
   4.624    8.072
   1.350    2.933
  20.270   24.863
   4.269    0.212
  11.741   11.615
   0.395    9.962
   5.861    0.271
   6.936    2.856
   4.092    4.009
   2.508   12.053
   6.891    1.465
  27.835   24.010
  15.257   16.084
   6.992    7.334